0.1651352 -0.5199703 -0.8643693 -1.780309 1.120864 1.349853 0.7822365 -0.3199024 -0.1043218 -2.266431 0
-0.72075 1.194153 -1.295814 -1.369251 0.6628806 0.4528803 1.624452 -1.456214 0.03793994 -2.808807 0
-0.5644173 0.1139288 -1.864475 -0.911642 0.09098034 0.6960438 2.695262 -1.264603 0.2172904 -3.677089 0
-0.5644173 0.6256028 0.6749924 0.6759426 -0.4083293 -1.095182 -1.047158 2.191218 0.1537606 -0.1742712 0
-0.5644173 0.5105363 -0.1848830 -0.02092183 -0.07296155 0.3321468 1.679055 -0.6213741 -0.05197601 -1.908355 0
0.8425768 1.76812 -0.2635563 -0.3439060 0.376923 7.5492e-06 -0.04791272 0.959566 0.2586215 -0.972962 0
-0.72075 0.504665 -0.5409282 2.387481 0.5927871 -0.03256648 1.499964 -0.302609 0.3968827 -1.716862 0
-0.1996411 -0.08508925 -0.6143428 -0.2273614 2.903440 -0.884931 1.010723 1.579091 0.2054756 -0.998296 1
1.103131 0.09653985 0.2587223 -0.06399391 -0.7872435 -1.013241 1.105472 -0.1715500 -0.2502149 -0.7568999 1
-0.9291936 0.8191368 -1.863724 -0.9128895 0.8876829 -1.707975 1.653788 0.04786878 0.2651213 -2.990849 0
0.06091341 -0.6439222 -0.5965264 0.2453975 -1.314232 -0.3818411 -1.005175 -1.62401 -0.2259367 -0.9033837 0
-0.5644173 0.06061068 -0.7958443 0.8622925 -2.403098 0.1622382 1.076465 -1.982867 -0.4264045 1.312856 0
-0.09541927 -1.241887 -1.023332 -1.603500 -0.2544801 1.061299 1.725769 -1.388114 -0.8158373 0.04462870 0
-0.4080846 -0.1289672 -0.9802152 0.7688391 -2.021278 -1.072155 -0.6614642 -0.1558137 -0.4055884 0.5569896 0
-0.3038628 -0.4486562 -1.164101 -1.335807 -2.556291 0.5413707 -0.1336368 -1.484071 -0.5044045 2.139316 0
-0.4080846 0.2822977 0.0008709401 0.1480343 -2.375107 -0.9751857 -0.06257411 -0.7575734 0.2923823 1.947327 0
0.6862441 -0.4270704 0.857361 1.337605 -1.295229 -0.3618392 -0.5960122 1.799757 -0.2340566 0.4134114 1
-0.4080846 0.1332801 -0.4713387 -0.967863 0.4360345 -1.793076 -1.288044 -0.01277231 -0.3581048 -0.2480288 0
1.884795 0.5912488 -0.9681885 1.786276 1.040041 -1.142638 -0.3533627 0.7574291 0.1089807 0.1275662 1
-0.3559737 0.7714336 3.053308 0.2745169 0.07220717 -1.181261 -2.782314 1.223728 0.2344753 -0.6740266 0
-0.4601955 1.044618 -0.2667723 -1.377963 -1.472865 -1.117915 -1.175258 -0.8077922 -0.3297821 4.731222 0
-0.04330838 -1.745968 0.2991032 0.03525315 -0.2242418 0.5586377 -0.008642378 -0.2293199 1.410058 0.4616639 0
-0.4601955 0.8015751 0.955168 -0.001309356 -1.619904 0.2191402 -0.1151584 -0.09182684 0.04914371 -0.3196772 0
4.750894 0.2488071 -0.4844349 0.521521 -0.1115756 -0.5977686 -0.2949814 0.3065832 -0.02585145 -0.696049 0
1.884795 -0.08696786 -0.05126616 -0.6727215 -1.336040 -0.5147065 -0.5087154 -1.129900 -0.3719573 0.5893355 0
-0.72075 0.7575454 -3.062440 -1.986837 -0.7553009 0.2742667 0.7306054 -0.1075081 -0.454026 0.6907894 0
-0.3559737 -1.915342 1.250038 0.3957459 0.05170236 -0.09848573 -1.009945 0.1816948 -0.1486467 -0.5886984 1
-0.3038628 -2.332159 1.348462 -0.5352458 0.06928393 0.4584892 -0.510496 -1.536901 -0.7263632 0.5607806 1
0.9467986 -0.02490031 -0.3129326 -0.9320834 -0.1878797 1.082143 -0.1551480 -0.08990214 0.01334527 1.208584 1
0.738355 -0.3041127 -0.7332883 0.5349714 -0.8982574 0.3336892 0.832035 -0.1261126 -0.5324436 0.9394664 1
4.490339 -0.7176226 0.7355864 1.683659 0.02323790 2.719704 0.2650976 2.684714 -0.1262920 0.3231362 1
0.3214679 -0.925929 0.458963 -0.5131593 0.826825 0.1448395 0.2967556 2.664764 -0.1100699 1.041966 1
0.8425768 -0.6510547 0.3428718 2.318446 0.4597548 -0.2277774 1.542528 2.727497 0.0784819 0.05581803 1
-0.5644173 0.2266928 0.2449637 -0.2115500 -0.3441220 1.057827 -0.3086376 -0.3631112 -0.2418994 1.293358 1
0.4778006 0.05312762 0.4233504 1.153650 -0.1820357 0.4595501 0.1984584 0.9305855 -0.1057198 1.768935 1
0.5820223 -0.1612229 0.1950767 -0.4282877 -0.3548117 2.441980 1.337268 -0.3867083 0.01613467 -0.9512496 1
-0.04330838 0.6270157 0.3364729 -0.804483 0.4664362 1.098831 1.057281 -0.1539759 0.4431332 0.07526796 1
-0.1996411 -0.763128 0.4604445 0.4189334 1.346483 1.572928 1.874536 0.2687810 0.2049788 2.080674 1
1.363686 -0.02776795 0.2295365 -1.570784 0.7510931 0.5768941 1.775858 0.5573702 0.5676188 0.4120753 1
0.8425768 0.8161174 0.9795098 1.151791 0.03112571 3.830069 -0.2927675 -1.947698 0.6882006 1.175429 1
2.405904 -0.089757 1.204482 -0.1809403 -0.03407499 -0.2627365 0.1847979 0.1165733 -0.259647 -0.4137327 1
-0.6165282 1.780354 0.1812726 -0.3716606 0.5727605 0.084454 -0.342267 1.108118 1.081243 -1.115564 0
-0.4601955 0.1302607 0.4243970 1.606629 0.2544565 -0.907427 -1.099621 -0.2785893 -0.3765865 -1.122091 0
-0.4601955 0.1110141 -0.7722483 0.2640472 -0.2395368 -1.013895 -1.215031 0.7536491 -0.1025567 2.071975 0
0.3214679 -0.8019875 1.059854 1.345668 -0.629547 0.0848302 -0.6791064 2.867370 0.02737142 -1.074117 1
1.624240 2.960554 -0.3931229 0.8461964 -0.9065936 0.6216641 0.6686064 -0.1042896 0.6588097 -0.7081646 1
-0.4601955 1.363548 2.068255 1.189735 0.7661429 0.6304631 -0.5404904 0.9336245 0.6447242 -0.4921114 0
-0.1996411 -0.296143 0.07829032 1.258783 0.5733773 0.4541104 0.5454187 0.3634068 -0.2398552 1.009307 0
-0.4601955 -0.3177654 0.2161192 -1.164402 1.322580 0.2964692 -1.11173 -0.9273494 -0.5302872 -0.4142298 0
-1.241859 0.5238018 1.886415 0.9958205 1.850535 0.4900024 -2.017669 0.1671626 -0.4972386 0.8472707 0
-0.6686391 -1.359418 1.047744 -0.67008 2.347402 0.283566 -1.981293 0.8774291 -0.5773136 1.136978 0
-0.5644173 -0.4726124 0.2862446 -0.1214164 0.7218235 -1.038058 -1.474478 -0.3441507 -0.3681611 -0.2209525 0
0.5820223 0.4009801 0.1738699 1.022763 1.501839 2.084907 -0.8695788 -1.360699 0.05414441 0.7189685 1
-0.6165282 -0.8657506 0.2752569 -0.2883464 0.5880654 2.369884 -0.3021301 2.191076 -0.4651176 0.4472252 1
-0.8770827 0.4709755 0.1350465 -0.8772396 -0.3762356 -1.165239 -0.3981874 -0.2077922 -0.7463748 0.1464140 0
-0.5644173 -0.4714193 0.5271214 -1.312766 -0.2351421 -1.867482 -0.9266516 -0.5078168 -0.09175303 -0.6701608 0
-0.5123064 -0.8880323 0.6300456 -0.8203153 0.2721595 -0.4440661 -0.1555682 0.1405814 0.05204742 -0.7067484 1
-0.1475302 -1.838533 0.6963635 -0.7326473 0.8888274 0.309948 -0.9034594 2.201921 -0.7292713 0.4350525 1
-0.72075 -1.403003 2.566971 -0.4713431 -0.2196439 3.306187 -0.01003746 1.721116 -0.5026416 0.587978 1
1.103131 -2.503966 2.325864 0.3558093 0.9860302 -0.9258977 -2.135748 0.09998908 -1.189512 -0.185881 1
-0.3038628 -0.1528973 1.350507 -0.3768306 0.7907873 -1.369133 0.4290460 0.2675046 0.1680110 0.5215013 1
-0.5123064 0.5257379 0.6738673 0.2483698 0.6634702 -1.254964 -0.2734919 3.449879 -0.2072352 0.3895435 1
2.145349 -1.139699 -0.1505244 -0.1463035 -2.149965 -1.471828 -0.523797 0.3359805 0.01359805 -0.1414354 1
0.06091341 0.4642041 1.808864 -1.103040 0.873297 -0.9359645 0.1242893 0.7838742 -0.04998232 -0.4323739 1
2.927013 -0.8713707 -0.5855084 1.251557 1.558111 0.34028 0.4474638 1.257605 -0.3562408 0.8470765 1
0.06091341 -1.098688 -0.1371576 -0.4032039 1.604789 0.08188465 0.3514499 1.456613 -0.1526979 0.249106 1
-0.3559737 -0.6133254 0.1570497 -0.2416616 0.870359 -0.3532621 0.5703136 -0.02426841 -0.08021734 0.6289409 1
-0.5644173 -1.200353 0.4475329 -0.8524655 0.5050155 -0.363912 0.4058972 0.2676898 -0.01328265 0.04008956 0
1.363686 -0.09905589 1.441253 -0.1514986 -0.06872533 -0.7482622 -0.3664774 0.3161257 -0.1736239 1.119536 1
2.927013 -0.01928540 -0.5349489 1.017932 2.820831 -0.6753384 0.4046624 -0.6683137 -0.3252188 -0.002626191 1
0.5820223 -1.531947 -0.2059734 -0.7055164 0.5202214 0.7781842 2.031648 -0.1393800 0.3193202 -0.01657143 1
2.405904 -0.5023197 0.1972232 0.3460554 -0.1843693 -0.02728482 0.7252936 -0.4084415 -0.2784958 0.08808197 1
-0.8770827 0.9511317 0.590494 0.4767954 -0.0755454 -1.273051 0.2127992 0.6602592 -0.1517835 -0.3455546 0
1.520018 0.02647117 -0.2638117 -1.040389 -0.9139463 -0.05062722 1.611636 -0.4711288 -0.1749252 1.082991 1
-0.72075 2.992286 -0.2124356 0.002893616 -2.255115 0.5770182 0.5833286 0.593378 0.8418288 -0.2600359 0
1.884795 -0.9584306 0.8801429 -0.5506511 -0.1708976 -0.1639347 -1.057413 1.98944 -0.4393909 0.1695390 1
-0.7728609 -0.2452372 -0.925115 -1.705598 -0.778293 -1.208862 -0.1938031 -0.8288858 -0.01378382 0.5848445 0
-0.72075 0.6137189 -0.6995517 -0.9907659 -0.1067944 -1.366879 0.03778536 -0.4680522 -0.3739378 0.8707842 0
0.06091341 0.3340041 1.115278 -0.04248508 -0.4123624 -0.4303917 1.215029 -0.7941022 -0.4580771 1.180293 1
-0.5644173 -0.7965453 -0.1049227 0.08177468 0.5228671 -0.8290973 -0.1973818 -0.6371451 -0.2047162 1.970097 0
-1.189748 0.5447596 0.02180213 -0.7157433 -0.4775037 -0.7966023 -0.600973 -0.5967901 0.1627685 0.6864534 0
-0.8770827 -0.5550831 -0.6635497 0.1632554 0.4056922 -0.008956987 -0.370329 -0.8101424 -0.2964675 1.134379 0
0.1651352 -0.8961433 -0.2718919 0.3657432 0.3805919 -0.5363711 -0.799218 0.07831088 -0.09631411 0.3791131 1
-0.3038628 -0.412052 0.4157303 2.400513 0.3056207 0.3645741 0.5446345 0.04331317 -0.3194158 0.2271567 1
-0.3559737 0.21079 0.4036479 1.190530 0.2824156 -1.001425 -0.64588 0.1374817 -0.02932887 -0.1372864 0
-0.8249718 -1.826168 0.03691588 -1.378297 -1.451689 -0.545915 -1.909892 -1.384736 -0.665759 0.5461388 0
-0.4601955 -0.3400576 0.5521509 0.3814541 -0.6396941 -0.4871922 0.1645648 -0.5061179 -0.2376241 0.7244429 0
-0.6686391 -0.3435322 0.7150673 0.07667167 0.2619479 -1.237038 0.805862 -0.1396897 0.06704733 0.1783412 0
-0.9813044 1.073838 0.6625181 0.3004632 1.325347 -0.4122558 0.04294977 0.698759 -0.035222 -0.825869 1
-1.137637 0.6981937 -1.754566 0.7179555 -0.06836364 0.2691731 1.562020 -0.1102982 0.2621825 -0.04386867 0
-1.398192 -0.9216328 -0.04179542 -1.344318 -0.4064515 0.0370883 -1.173547 -0.6313594 -0.2536110 -0.4529836 0
-0.4601955 -1.121886 0.4570238 -1.619864 -0.1420665 2.354814 -1.026344 0.5140051 0.01912191 0.1454253 0
-0.72075 2.076291 -2.100908 -1.403193 -2.171803 1.014595 -1.488893 0.3651202 -0.05339379 0.2067554 0
-0.4601955 -1.174880 -0.7850007 -0.5033133 0.4901888 1.204491 -0.9518368 -0.6744611 -0.3201852 0.5289887 0
0.5820223 -0.283427 0.2084763 -0.7797633 0.4022115 0.8710234 -0.3821266 -0.199694 0.2016707 -0.4961322 0
-0.72075 1.153635 -0.7827202 -0.1096489 -0.5595105 -0.9315669 0.8570512 0.08674772 -0.1446923 -0.4553208 0
-1.085526 0.9007597 -0.5591668 -0.9508795 -1.659561 -0.1352505 -0.855056 -0.4264208 -0.3783318 0.349108 0
-0.72075 0.4433091 -0.9854967 0.407798 -0.3160416 -0.5283997 0.1384914 -0.1197972 0.05368721 0.07098534 0
-0.5644173 -0.8304284 -0.777861 -1.298625 -0.8160275 -0.9859522 -1.060853 0.2891075 -0.2871278 1.638367 0
-0.72075 0.08107136 0.0893235 0.1970382 1.167782 -0.7645323 -0.7382935 0.2766881 -0.2310517 0.3564227 0
-0.5644173 0.5493122 -2.052841 -0.2932568 -0.7156265 1.606849 0.6143974 -1.753549 -0.2775946 -0.3147052 0
-0.72075 0.3574685 0.3774833 0.1354002 -0.02518388 0.7137358 2.49758 0.08646698 0.412164 0.3562320 0
-0.72075 0.3870135 -0.6692256 -0.02376009 -1.382493 0.1967759 0.7129892 0.3837941 -0.1202208 -0.6521378 0
-1.085526 1.886284 -1.191911 0.3738477 -0.3194479 -1.569302 0.3887012 0.568137 0.3345597 -1.016383 0
-0.9813044 1.561383 -0.4049020 0.1456398 -0.5558094 0.520214 1.750265 0.03474029 0.210606 -0.9298116 0
-0.6165282 -0.286415 -0.2707795 -1.658113 1.050002 -0.8525864 -0.7443201 0.2869137 0.09252124 0.1854563 0
-0.72075 1.167308 -1.914084 0.5872992 0.7491212 -0.4588277 0.01791190 -0.9160096 0.03108623 0.5324661 0
-0.4601955 -0.03508355 -0.8595227 0.4597282 -0.9403397 0.07383801 -0.1909219 -0.06967108 0.6243543 -0.6747677 0
-0.5123064 0.250131 -0.2965978 -0.8100255 -0.5942723 -0.2732509 0.1643612 -0.4698467 -0.2793574 0.400462 0
-0.72075 -0.6819707 -1.343314 -0.7148224 -0.1705310 -0.4199638 -0.02074322 -0.627701 -0.1654205 0.0729111 0
-0.4601955 0.7654837 -0.9252035 -0.2271730 0.3471951 -0.2850406 1.371088 0.3580842 0.07803349 -0.1937212 0
-0.4601955 1.562990 0.2548617 0.4767535 -0.02309054 0.1196914 0.2378587 -0.03206273 -0.3161187 -0.5926443 0
-0.4601955 1.289942 -1.361297 -0.0277998 -1.015182 0.2467448 0.5137563 -0.9512822 -0.0715348 -0.3619708 0
-0.6686391 -0.7817152 -1.004155 -1.168258 -0.5891146 0.1828344 -1.047149 -0.9012053 -0.2361690 0.3609386 0
-0.9813044 -0.07159357 -0.8132511 -1.31712 0.05479158 0.2965595 -0.1713128 -1.938434 -0.2667425 0.03011340 0
-0.5644173 -1.145115 -2.251433 -1.438952 1.556860 0.3645666 -1.37609 -0.6037566 -0.1944202 -0.3519251 0
-0.5123064 4.08407 -0.06017816 2.690292 1.070765 0.3037334 -0.2109687 1.469869 0.1812194 -0.2396043 0
-0.6686391 -0.3131081 1.004903 -1.618976 -0.7456294 1.446172 -0.9284063 -0.9494791 -0.4345881 0.2689229 0
-0.1996411 0.3424029 0.3114182 -0.1993597 -0.589444 -0.7309802 -0.893096 0.2563384 -0.0814395 -0.07527218 0
0.3214679 -0.4210055 -0.163479 -0.4375016 -1.621681 1.028254 -0.445044 -1.39003 -0.504554 -0.710183 0
1.103131 -0.8135209 0.3142371 0.750336 1.38372 0.3363526 -0.3788858 -0.0425632 -0.4200783 -0.2000044 0
0.2172461 -0.4134596 -1.433443 -0.1491711 -0.3612057 1.082978 0.1462207 -1.797511 0.2168508 -0.1738936 0
0.6862441 0.3809171 -0.6634966 1.504012 -0.01926803 0.2117745 0.5907719 -0.5461748 -0.2426732 -0.7670328 0
-0.1996411 -0.5200331 0.959069 0.7966147 0.01950458 0.5502788 -0.3333939 -0.4499021 -0.04087115 -0.3544601 1
0.8425768 0.4227124 -0.4392327 0.3934141 -0.03918324 0.6284279 0.4314506 -0.6798532 0.2893709 -0.05160554 0
0.738355 -1.098626 -0.4131111 -0.06848155 0.2279095 -0.491556 -0.5545669 0.1431371 -0.3457844 -0.3595783 0
-0.1996411 0.5201701 0.184175 0.6229031 0.3639195 0.4294024 -0.5113452 0.1346308 0.4482944 -0.3378908 0
0.3214679 -0.702311 0.2016476 0.05199805 0.2091264 -0.2435284 -0.7647568 0.4219176 -0.2409037 -0.3326694 0
0.3735788 1.720009 0.08332402 0.9559593 0.803387 -0.8490051 0.747615 0.7500284 0.0981638 -0.4611123 0
0.8425768 -0.8323646 -0.2243714 -0.07860803 -0.9263775 -0.8868646 -0.8898292 -0.5114549 -0.7972259 0.9513487 0
0.3214679 0.6266965 0.5533316 -0.8759168 1.015012 -0.4477866 0.1038309 0.5549738 -0.1627169 -0.4578701 0
0.3214679 0.2177131 0.004225898 -0.2301787 0.4755478 -0.5264887 -0.1396417 0.2577248 -0.09239268 -0.5863896 0
0.5820223 -1.450476 -0.1135111 -0.9586491 -1.510466 1.195601 -1.691137 -0.3361770 -0.5580846 0.5511696 0
-0.4601955 -0.9091262 0.8515638 0.2540630 1.313332 -0.7399748 0.8458819 -0.7046543 -0.6869269 -0.192508 0
0.5820223 0.01863227 -0.3738048 0.01783426 0.913945 0.2726829 -1.067625 0.8138735 0.2915514 -0.3027035 0
-0.1996411 -0.1007043 3.093062 -0.4966739 -0.2190593 0.3278432 -1.174405 -0.2415743 -0.6009038 -0.1693188 0
-0.72075 -0.08073023 -0.177005 1.397966 1.057736 -0.8706584 0.2106459 -0.1145788 8.873086 -0.4205735 1
-0.4601955 -1.045967 0.2066509 1.624629 0.09777564 1.149112 -0.1102800 -0.3720487 6.770744 -0.5035609 1
0.3214679 0.06029671 1.309939 1.688294 -0.4046034 -0.4879258 -0.5283289 -0.1356926 -0.3766656 -0.8496193 0
-0.1996411 1.293725 -1.220834 1.982326 -1.202007 -0.3652437 1.699141 0.3287564 -0.06332046 -0.2091112 0
-0.3559737 0.5366695 0.07546123 1.634124 -0.242688 -0.04118116 2.168912 0.7863343 -0.3551857 -0.8178025 0
-0.4601955 -0.2102605 0.3580791 0.6820545 0.9296983 0.004224605 1.200277 -0.4420731 -0.751004 0.2531071 1
-0.5123064 -0.6587052 -1.073090 1.953428 0.2187037 2.496847 1.114795 -0.4355465 -0.9545162 -0.395936 0
-0.4601955 -1.150489 0.533265 -0.283955 -0.6389335 0.2868765 -0.9077313 -1.549459 -0.329903 -0.4813265 0
-0.04330838 0.7223541 2.263877 0.6262981 1.038443 -0.6683977 1.142628 -0.7863253 0.3408771 -1.933343 0
0.3214679 1.08455 0.5821635 -1.848126 -1.907239 -0.2890019 0.04350001 -1.129180 0.1063606 -0.9942931 0
0.4778006 0.5170304 0.9074806 0.9038156 1.065594 -1.086289 -0.4812036 -0.607771 0.2282392 -1.644127 0
0.8425768 0.9133396 -1.718377 1.000321 -0.3697549 -1.105361 0.5540101 -0.1585604 0.09797915 0.2662080 0
