-2.11730283069185
-0.618615475148501
0.334833365584737
1.41493913699720
-0.108485850967208
1.13205980605057
2.17501899392365
-0.185431883073447
-0.706606512857846
-1.7403831345378
-1.51176564939097
-0.0995502285537484
1.60434919390932
1.06577408875827
0.244178972719278
1.10713309747970
-1.17259648381862
-0.764903355307992
-0.991810039578038
0.995105824602862
-1.10338626959737
-1.58054979621618
-1.42461708177088
0.818399285331912
-0.143806943363815
0.296456481840823
0.697227715052922
-0.211020249691447
-1.15319377414492
-0.0400176895331084
-2.44273894546957
-0.411115478129861
-0.721197836424904
0.81955411210793
-0.279446361200961
0.0136418379784949
0.792040930024402
-0.893232477740044
-1.40909728200181
0.157293937724848
